,Toledo,Linden Road,Hemphill,Elyria,Van Buren,Bay City Powertrain,Allison Gas Turbine,Saginaw Malleable Peninsula,Greenpoint,Coldwater Road,Framingham,Danville,Davison Road,Saginaw Malleable,Flint West (Kettering),Buick City,Pontiac North Industrial,Massena,Tonawanda,Salina
0,20.0,18.0,19.0,17.0,16.0,15.0,13.0,14.0,12.0,11.0,6.0,10.0,9.0,8.0,7.0,4.0,5.0,2.0,3.0,1.0
1,19.0,20.0,16.0,14.0,18.0,12.0,13.0,17.0,15.0,10.0,6.0,5.0,7.0,11.0,9.0,8.0,4.0,2.0,3.0,1.0
2,19.0,16.0,20.0,15.0,18.0,14.0,17.0,12.0,13.0,11.0,6.0,9.0,5.0,10.0,8.0,4.0,7.0,2.0,3.0,1.0
3,20.0,16.0,18.0,19.0,13.0,17.0,14.0,11.0,15.0,12.0,9.0,8.0,10.0,6.0,5.0,7.0,4.0,3.0,2.0,1.0
4,20.0,17.0,16.0,18.0,19.0,15.0,12.0,13.0,14.0,11.0,10.0,8.0,7.0,9.0,6.0,5.0,4.0,1.0,2.0,3.0
5,19.0,17.0,20.0,18.0,13.0,16.0,15.0,14.0,12.0,11.0,4.0,8.0,5.0,7.0,9.0,6.0,10.0,2.0,3.0,1.0
6,16.0,15.0,18.0,17.0,20.0,19.0,12.0,13.0,14.0,11.0,4.0,9.0,10.0,8.0,6.0,5.0,7.0,2.0,3.0,1.0
7,18.0,19.0,20.0,15.0,16.0,14.0,9.0,11.0,17.0,13.0,8.0,10.0,12.0,6.0,7.0,4.0,1.0,2.0,3.0,5.0
8,20.0,19.0,15.0,14.0,18.0,16.0,10.0,13.0,17.0,12.0,8.0,6.0,9.0,11.0,7.0,5.0,3.0,1.0,4.0,2.0
9,20.0,19.0,17.0,16.0,18.0,15.0,13.0,11.0,14.0,10.0,7.0,9.0,6.0,12.0,4.0,8.0,3.0,1.0,5.0,2.0
10,19.0,18.0,14.0,17.0,16.0,20.0,15.0,12.0,13.0,11.0,3.0,10.0,7.0,8.0,6.0,9.0,5.0,4.0,1.0,2.0
11,20.0,14.0,18.0,19.0,17.0,12.0,15.0,13.0,16.0,8.0,9.0,10.0,11.0,5.0,6.0,7.0,3.0,2.0,4.0,1.0
12,19.0,17.0,20.0,12.0,16.0,18.0,15.0,11.0,13.0,14.0,9.0,6.0,5.0,10.0,8.0,4.0,7.0,2.0,3.0,1.0
13,20.0,17.0,18.0,19.0,13.0,14.0,16.0,12.0,15.0,10.0,3.0,6.0,9.0,8.0,5.0,7.0,11.0,2.0,4.0,1.0
14,20.0,17.0,19.0,16.0,15.0,18.0,13.0,10.0,12.0,14.0,4.0,11.0,5.0,6.0,9.0,8.0,7.0,3.0,2.0,1.0
15,18.0,16.0,19.0,14.0,17.0,15.0,13.0,20.0,10.0,11.0,3.0,12.0,9.0,8.0,6.0,7.0,5.0,4.0,2.0,1.0
16,14.0,20.0,18.0,19.0,17.0,16.0,15.0,12.0,13.0,11.0,6.0,10.0,8.0,9.0,5.0,7.0,4.0,2.0,3.0,1.0
17,20.0,18.0,16.0,19.0,17.0,14.0,15.0,13.0,11.0,12.0,9.0,10.0,6.0,4.0,7.0,3.0,8.0,2.0,5.0,1.0
18,17.0,18.0,19.0,20.0,15.0,12.0,14.0,13.0,11.0,16.0,7.0,9.0,6.0,10.0,5.0,3.0,8.0,2.0,4.0,1.0
19,20.0,19.0,18.0,16.0,17.0,15.0,14.0,13.0,11.0,12.0,7.0,4.0,10.0,9.0,8.0,6.0,5.0,3.0,2.0,1.0
20,20.0,19.0,17.0,11.0,14.0,18.0,16.0,13.0,12.0,15.0,9.0,10.0,8.0,6.0,3.0,4.0,7.0,2.0,5.0,1.0
21,20.0,18.0,19.0,17.0,16.0,14.0,8.0,15.0,12.0,10.0,13.0,9.0,11.0,6.0,4.0,5.0,7.0,3.0,2.0,1.0
22,17.0,18.0,20.0,15.0,19.0,16.0,13.0,14.0,11.0,12.0,4.0,8.0,7.0,9.0,5.0,10.0,6.0,3.0,2.0,1.0
23,20.0,19.0,17.0,18.0,15.0,13.0,11.0,16.0,14.0,10.0,7.0,5.0,4.0,12.0,9.0,6.0,8.0,2.0,3.0,1.0
24,20.0,19.0,17.0,16.0,18.0,15.0,14.0,10.0,12.0,11.0,7.0,13.0,8.0,5.0,9.0,4.0,6.0,1.0,3.0,2.0
25,19.0,17.0,18.0,20.0,14.0,13.0,16.0,12.0,15.0,11.0,7.0,10.0,4.0,9.0,8.0,6.0,5.0,3.0,1.0,2.0
26,20.0,19.0,18.0,14.0,17.0,13.0,12.0,15.0,16.0,6.0,7.0,9.0,8.0,11.0,10.0,4.0,5.0,2.0,3.0,1.0
27,17.0,20.0,19.0,14.0,15.0,13.0,12.0,16.0,11.0,18.0,4.0,6.0,8.0,9.0,10.0,5.0,7.0,2.0,3.0,1.0
28,20.0,17.0,19.0,18.0,16.0,15.0,11.0,14.0,13.0,12.0,9.0,3.0,5.0,10.0,8.0,7.0,6.0,2.0,1.0,4.0
29,20.0,15.0,18.0,19.0,16.0,17.0,11.0,14.0,13.0,12.0,6.0,7.0,5.0,9.0,8.0,10.0,4.0,3.0,2.0,1.0
30,20.0,17.0,19.0,13.0,16.0,18.0,15.0,12.0,14.0,11.0,7.0,4.0,8.0,10.0,9.0,6.0,5.0,3.0,2.0,1.0
31,20.0,16.0,19.0,18.0,17.0,15.0,13.0,12.0,14.0,11.0,5.0,8.0,6.0,7.0,10.0,4.0,9.0,1.0,2.0,3.0
32,20.0,14.0,16.0,15.0,18.0,17.0,19.0,12.0,11.0,13.0,7.0,8.0,5.0,9.0,10.0,6.0,4.0,3.0,1.0,2.0
33,19.0,17.0,18.0,16.0,20.0,14.0,15.0,11.0,13.0,12.0,8.0,10.0,9.0,5.0,4.0,6.0,7.0,2.0,3.0,1.0
34,20.0,17.0,19.0,18.0,16.0,14.0,12.0,13.0,15.0,11.0,10.0,5.0,9.0,6.0,8.0,7.0,4.0,2.0,3.0,1.0
35,18.0,19.0,17.0,20.0,15.0,16.0,14.0,11.0,9.0,13.0,12.0,10.0,8.0,7.0,5.0,6.0,4.0,3.0,2.0,1.0
36,19.0,17.0,18.0,16.0,20.0,12.0,15.0,14.0,13.0,11.0,9.0,10.0,8.0,4.0,7.0,6.0,5.0,1.0,3.0,2.0
37,19.0,17.0,20.0,16.0,18.0,11.0,15.0,14.0,12.0,10.0,9.0,13.0,4.0,8.0,7.0,5.0,6.0,1.0,2.0,3.0
38,20.0,19.0,18.0,16.0,15.0,14.0,17.0,13.0,11.0,12.0,10.0,7.0,9.0,8.0,6.0,5.0,3.0,4.0,2.0,1.0
39,19.0,20.0,15.0,17.0,16.0,18.0,13.0,12.0,14.0,9.0,5.0,6.0,10.0,11.0,7.0,1.0,8.0,4.0,3.0,2.0
40,15.0,20.0,19.0,17.0,16.0,14.0,13.0,18.0,12.0,10.0,5.0,9.0,8.0,7.0,11.0,3.0,6.0,4.0,2.0,1.0
41,20.0,18.0,16.0,19.0,17.0,14.0,13.0,15.0,10.0,12.0,11.0,8.0,6.0,7.0,2.0,9.0,5.0,3.0,4.0,1.0
42,19.0,14.0,17.0,20.0,18.0,16.0,13.0,15.0,12.0,10.0,6.0,7.0,8.0,4.0,11.0,9.0,5.0,2.0,1.0,3.0
43,20.0,17.0,16.0,15.0,14.0,12.0,19.0,13.0,18.0,11.0,2.0,6.0,9.0,8.0,5.0,7.0,10.0,4.0,1.0,3.0
44,17.0,18.0,19.0,16.0,20.0,14.0,15.0,12.0,13.0,9.0,7.0,10.0,8.0,11.0,4.0,5.0,6.0,2.0,3.0,1.0
45,20.0,17.0,18.0,15.0,13.0,16.0,19.0,11.0,14.0,12.0,10.0,6.0,9.0,8.0,7.0,3.0,5.0,2.0,4.0,1.0
46,20.0,18.0,16.0,19.0,12.0,17.0,15.0,13.0,14.0,11.0,4.0,7.0,9.0,6.0,10.0,8.0,5.0,2.0,3.0,1.0
47,20.0,19.0,18.0,17.0,14.0,16.0,10.0,15.0,12.0,13.0,5.0,6.0,11.0,9.0,8.0,7.0,4.0,1.0,2.0,3.0
48,20.0,17.0,19.0,18.0,14.0,10.0,12.0,16.0,15.0,13.0,7.0,11.0,9.0,5.0,6.0,8.0,3.0,1.0,2.0,4.0
49,18.0,19.0,20.0,15.0,16.0,17.0,10.0,12.0,13.0,14.0,7.0,8.0,9.0,11.0,5.0,4.0,6.0,2.0,3.0,1.0
50,20.0,16.0,19.0,18.0,17.0,15.0,10.0,14.0,13.0,12.0,11.0,9.0,7.0,8.0,5.0,6.0,4.0,1.0,3.0,2.0
51,19.0,15.0,20.0,18.0,14.0,11.0,16.0,12.0,17.0,13.0,9.0,10.0,3.0,6.0,5.0,8.0,2.0,7.0,4.0,1.0
52,19.0,18.0,17.0,20.0,15.0,12.0,8.0,13.0,11.0,14.0,5.0,9.0,7.0,10.0,16.0,4.0,6.0,3.0,1.0,2.0
53,20.0,19.0,18.0,15.0,16.0,17.0,12.0,11.0,14.0,13.0,6.0,8.0,9.0,4.0,3.0,7.0,10.0,2.0,5.0,1.0
54,19.0,17.0,20.0,18.0,16.0,15.0,12.0,14.0,11.0,13.0,7.0,9.0,6.0,3.0,8.0,4.0,10.0,2.0,5.0,1.0
55,19.0,18.0,20.0,17.0,16.0,12.0,11.0,14.0,15.0,13.0,8.0,5.0,9.0,7.0,10.0,3.0,6.0,4.0,2.0,1.0
56,19.0,18.0,20.0,15.0,17.0,14.0,12.0,16.0,11.0,13.0,8.0,9.0,10.0,4.0,2.0,6.0,1.0,3.0,7.0,5.0
57,18.0,19.0,17.0,16.0,20.0,15.0,13.0,12.0,14.0,10.0,6.0,7.0,5.0,11.0,8.0,4.0,9.0,3.0,2.0,1.0
58,17.0,18.0,19.0,16.0,20.0,15.0,11.0,14.0,12.0,13.0,9.0,5.0,8.0,4.0,10.0,7.0,6.0,1.0,3.0,2.0
59,20.0,17.0,19.0,18.0,14.0,15.0,12.0,8.0,16.0,11.0,13.0,9.0,10.0,6.0,4.0,5.0,7.0,2.0,3.0,1.0
60,20.0,18.0,19.0,17.0,15.0,12.0,14.0,13.0,16.0,11.0,10.0,4.0,7.0,8.0,9.0,6.0,5.0,2.0,3.0,1.0
61,19.0,16.0,20.0,17.0,18.0,15.0,8.0,14.0,13.0,12.0,10.0,6.0,11.0,9.0,3.0,7.0,5.0,4.0,2.0,1.0
62,20.0,17.0,19.0,12.0,18.0,9.0,14.0,15.0,13.0,11.0,8.0,16.0,10.0,6.0,5.0,7.0,3.0,1.0,4.0,2.0
63,19.0,18.0,20.0,17.0,15.0,16.0,12.0,10.0,14.0,9.0,8.0,6.0,11.0,5.0,13.0,7.0,4.0,3.0,2.0,1.0
64,20.0,18.0,19.0,17.0,16.0,13.0,10.0,11.0,15.0,14.0,5.0,8.0,7.0,9.0,12.0,6.0,4.0,1.0,3.0,2.0
65,20.0,17.0,19.0,15.0,18.0,16.0,13.0,11.0,14.0,12.0,10.0,4.0,5.0,7.0,9.0,6.0,8.0,2.0,3.0,1.0
66,18.0,19.0,20.0,14.0,17.0,16.0,11.0,15.0,13.0,10.0,12.0,8.0,6.0,5.0,9.0,7.0,4.0,2.0,3.0,1.0
67,16.0,19.0,15.0,17.0,18.0,14.0,10.0,20.0,12.0,13.0,7.0,9.0,6.0,11.0,8.0,4.0,5.0,1.0,3.0,2.0
68,20.0,19.0,18.0,17.0,15.0,16.0,13.0,12.0,14.0,10.0,6.0,8.0,4.0,9.0,11.0,7.0,5.0,1.0,2.0,3.0
69,20.0,16.0,19.0,14.0,18.0,15.0,13.0,17.0,11.0,12.0,6.0,10.0,7.0,9.0,8.0,5.0,2.0,3.0,4.0,1.0
70,14.0,15.0,16.0,20.0,19.0,18.0,13.0,12.0,17.0,7.0,9.0,6.0,10.0,8.0,11.0,4.0,5.0,3.0,2.0,1.0
71,17.0,20.0,18.0,19.0,15.0,16.0,14.0,11.0,12.0,10.0,9.0,7.0,6.0,5.0,13.0,8.0,4.0,2.0,3.0,1.0
72,20.0,18.0,17.0,16.0,19.0,15.0,11.0,14.0,13.0,12.0,10.0,9.0,5.0,6.0,4.0,8.0,7.0,2.0,3.0,1.0
73,18.0,19.0,20.0,17.0,15.0,14.0,11.0,16.0,13.0,10.0,5.0,6.0,8.0,12.0,9.0,3.0,7.0,2.0,1.0,4.0
74,20.0,17.0,16.0,19.0,18.0,12.0,14.0,10.0,15.0,11.0,5.0,13.0,7.0,8.0,9.0,4.0,6.0,1.0,3.0,2.0
75,20.0,17.0,18.0,19.0,16.0,13.0,14.0,12.0,15.0,11.0,9.0,7.0,6.0,5.0,10.0,4.0,8.0,1.0,2.0,3.0
76,20.0,19.0,17.0,16.0,14.0,18.0,15.0,11.0,12.0,13.0,6.0,10.0,8.0,9.0,7.0,3.0,5.0,1.0,4.0,2.0
77,18.0,20.0,17.0,16.0,19.0,13.0,11.0,14.0,15.0,10.0,5.0,12.0,4.0,9.0,7.0,8.0,6.0,2.0,3.0,1.0
78,18.0,20.0,15.0,16.0,12.0,17.0,7.0,13.0,14.0,19.0,6.0,11.0,10.0,8.0,9.0,4.0,5.0,2.0,3.0,1.0
79,20.0,18.0,16.0,19.0,15.0,11.0,12.0,13.0,17.0,9.0,5.0,8.0,14.0,10.0,6.0,4.0,7.0,3.0,2.0,1.0
80,19.0,20.0,17.0,18.0,12.0,13.0,14.0,11.0,16.0,15.0,8.0,7.0,6.0,10.0,9.0,2.0,5.0,1.0,4.0,3.0
81,18.0,15.0,16.0,20.0,19.0,13.0,11.0,17.0,14.0,12.0,6.0,10.0,7.0,8.0,9.0,5.0,4.0,1.0,3.0,2.0
82,20.0,16.0,17.0,19.0,13.0,18.0,15.0,12.0,14.0,11.0,6.0,7.0,10.0,9.0,5.0,4.0,8.0,2.0,3.0,1.0
83,20.0,17.0,19.0,16.0,18.0,15.0,12.0,13.0,11.0,14.0,9.0,10.0,8.0,7.0,3.0,4.0,6.0,2.0,5.0,1.0
84,19.0,20.0,18.0,17.0,15.0,11.0,12.0,16.0,14.0,10.0,7.0,13.0,8.0,9.0,5.0,4.0,6.0,2.0,3.0,1.0
85,19.0,20.0,16.0,18.0,17.0,12.0,14.0,15.0,13.0,10.0,7.0,8.0,11.0,3.0,9.0,5.0,6.0,2.0,4.0,1.0
86,18.0,19.0,17.0,16.0,20.0,15.0,12.0,14.0,13.0,11.0,9.0,7.0,6.0,10.0,3.0,8.0,5.0,4.0,2.0,1.0
87,19.0,20.0,18.0,14.0,17.0,13.0,16.0,12.0,15.0,11.0,9.0,7.0,5.0,10.0,8.0,4.0,6.0,2.0,3.0,1.0
88,20.0,18.0,19.0,16.0,17.0,15.0,14.0,12.0,13.0,10.0,6.0,3.0,9.0,11.0,5.0,8.0,7.0,4.0,1.0,2.0
89,20.0,18.0,16.0,15.0,17.0,19.0,14.0,12.0,13.0,11.0,4.0,8.0,10.0,5.0,9.0,6.0,7.0,3.0,2.0,1.0
90,20.0,18.0,17.0,15.0,16.0,13.0,14.0,12.0,19.0,10.0,4.0,5.0,11.0,8.0,9.0,6.0,7.0,1.0,3.0,2.0
91,19.0,20.0,18.0,12.0,17.0,14.0,7.0,16.0,15.0,5.0,10.0,9.0,13.0,11.0,6.0,4.0,8.0,3.0,1.0,2.0
92,20.0,16.0,17.0,19.0,15.0,18.0,14.0,12.0,13.0,11.0,8.0,7.0,3.0,5.0,9.0,4.0,10.0,2.0,6.0,1.0
93,18.0,19.0,20.0,14.0,17.0,16.0,12.0,13.0,15.0,9.0,11.0,6.0,7.0,8.0,10.0,5.0,3.0,2.0,4.0,1.0
94,16.0,17.0,18.0,20.0,19.0,14.0,12.0,15.0,13.0,8.0,6.0,10.0,9.0,3.0,5.0,7.0,11.0,2.0,4.0,1.0
95,20.0,18.0,19.0,12.0,15.0,17.0,13.0,14.0,16.0,10.0,11.0,7.0,9.0,8.0,6.0,3.0,4.0,2.0,5.0,1.0
96,20.0,19.0,17.0,18.0,14.0,16.0,13.0,12.0,15.0,11.0,10.0,8.0,9.0,5.0,6.0,7.0,3.0,4.0,2.0,1.0
97,20.0,19.0,18.0,15.0,17.0,16.0,14.0,11.0,13.0,12.0,9.0,5.0,8.0,7.0,4.0,10.0,6.0,3.0,2.0,1.0
98,19.0,16.0,18.0,20.0,17.0,15.0,13.0,11.0,12.0,14.0,6.0,10.0,9.0,7.0,8.0,3.0,4.0,2.0,5.0,1.0
99,20.0,16.0,19.0,18.0,14.0,17.0,13.0,11.0,15.0,12.0,8.0,7.0,6.0,9.0,10.0,4.0,5.0,2.0,3.0,1.0
